Length of full Q-table = 16
Full Q-table:
           0          1          2           3
0   0.531441   0.478297    0.59049    0.531441
4   0.531441  0.0903531  -0.578666    0.236329
8    0.32861  -0.029701  0.0267567  0.00475062
12         0          0          0           0
5          0          0          0           0
1    0.59049         -1     0.6561    0.531441
2     0.6561      0.729    0.59049     0.59049
9  -0.519859   0.379341       0.81     0.08188
10     0.729        0.9         -1       0.729
11         0          0          0           0
3   0.246553  -0.570111   0.283724      0.6561
7          0          0          0           0
6     0.6561       0.81         -1          -1
14      0.81        0.9          1        0.81
15         0          0          0           0
13  0.354174   0.349214        0.9   -0.407034

Process finished with exit code 0
