0:0     0.531441
4     0.531441
8      0.32861
12           0
5            0
1      0.59049
2       0.6561
9    -0.519859
10       0.729
11           0
3     0.246553
7            0
6       0.6561
14        0.81
15           0
13    0.354174
Name: 0, dtype: object
1:0      0.478297
4     0.0903531
8     -0.029701
12            0
5             0
1            -1
2         0.729
9      0.379341
10          0.9
11            0
3     -0.570111
7             0
6          0.81
14          0.9
15            0
13     0.349214
Name: 1, dtype: object
2:0       0.59049
4     -0.578666
8     0.0267567
12            0
5             0
1        0.6561
2       0.59049
9          0.81
10           -1
11            0
3      0.283724
7             0
6            -1
14            1
15            0
13          0.9
Name: 2, dtype: object
3:0       0.531441
4       0.236329
8     0.00475062
12             0
5              0
1       0.531441
2        0.59049
9        0.08188
10         0.729
11             0
3         0.6561
7              0
6             -1
14          0.81
15             0
13     -0.407034
Name: 3, dtype: object
